262.093923
172.5321283
280.4729028
286.2002183
384.1908395
404.7590107
485.1276
485.1276
495.8667703
597.0068802
707.0453714
765.8632475
821.2884852
889.753721
1061.24609
1063.897564
1174.585175
1246.121112
1578.623941
1662.693839
1661.765405
1817.438774
1971.629456
2074.603434
2066.484871
2281.030184
2364.332233
2335.643647
2456.565296
2295.343607
2458.756979
2478.702989
2443.485249
2459.516749
2290.480107
2240.107295
2203.902888
2114.048336
1938.688107
1888.094677
1762.918073
1650.416997
1554.725376
1568.164806
1400.290788
1472.648907
1316.624753
1301.052944
1264.155944
1042.865676
1192.902018
1118.999773
978.6157234
974.5991462
919.3583853
926.6021888
881.4679962
767.4208143
738.1325729
775.7269402
531.512277
522.8477202
510.2176
524.5040449
524.85475
346.8631956
344.1379802
344.1379802
177.964199
120.9012078
113.4444888
120.1311922
-93.53781006
-182.0413549
-250.8206848
-253.0088627
-268.3154497
-404.4414223
-464.7996416
-510.0030963
-527.7784446
-611.1454657
-637.2820036
-647.1111573
-639.2704218
-659.8411122
-616.1753556
-625.7281536
-643.9821868
-532.1669885
-520.9772978
-586.587099
-549.4545761
-498.2553975
-457.8513745
-398.0571372
-332.2407553
-332.2407553
-333.6723652
-339.1944282
-262.9708764
